Grime: 0.2274031
PlacedObjects: LightBeam><330.6419><185.9183><-150~355~-68~360~265~-45~-335~-51~0.4326086~0.06521739~0~1~None~0~0, LightSource><812.4438><357.2006><0.2717391~Environment~11~203~50~86.60254~1~1~None~0~0, LightBeam><1301.515><195.0505><-83~330~-35~325~95~34~-326~4~0.4326086~0~0~1~None~0~0, LightBeam><1486.628><165.0964><-141~330~-121~335~84~20~81~179~0.4326086~0~0~1~None~0~0, LightSource><1340.868><391.4><0.1956522~Environment~25~137~50~86.60254~1~1~None~0~0, LightSource><2400.069><531.3347><0.3586957~Environment~151~-84~157~-150.3975~1~1~None~0~0, LightSource><2248.064><530.3229><0.2826087~Environment~46~142~333~-21.39746~1~1~None~0~0, LightBeam><2326.785><180.447><-96~356~-45~357~205~34~-263~-32~0.4760868~0~0~1~None~0~0, 
FadePalette: 42, 0.4639946, 0.4465947, 0.4233949
