Palette: 1123
PlacedObjects: LightBeam><420.3138><778.3712><18~1373~104~1373~125~-1~-254~1270~0.421739~0~0~1~None~0~0, LightSource><487.2645><2089.301><0.1195652~Environment~334~-64~280~14.60254~1~1~None~0~0, 
FadePalette: 22, 0, 0.2065217, 0.2826087
