RandomItemDensity: 0.5108696
RandomItemSpearChance: 0.3847826
PlacedObjects: LightSource><795.4498><414.0086><0.2608696~Environment~176~-58~50~86.60254~1~1~None~0~0, LightSource><532.0502><432.9926><0.326087~Environment~3~163~50~86.60254~1~1~None~0~0, LightBeam><949.9279><61.34152><-249~352~-209~356~190~21~-560~56~0.4~0~0~1~None~0~0, LightBeam><812.9482><71.27684><-225~355~-197~352~163~-35~-441~193~0.4~0~0~1~None~0~0, LightBeam><677.6523><66.42453><-176~360~-121~359~151~-11~-293~-95~0.421739~0~0~1~None~0~0, LightSource><971.8624><132.3548><0.1630435~Environment~50~232~-65~101.6025~1~1~None~0~0, LightSource><1624.053><543.5352><0.25~Environment~244~-37~210~5.602539~1~1~None~0~0, LightBeam><1753.063><99.56006><-246~529~-191~524~237~-2~137~-13~0.4543484~0~0~1~None~0~0, LightSource><2947.158><355.8222><0.3478261~Environment~-247~147~50~86.60254~1~1~None~0~0, 
