Palette: 95
EffectColorA: 3
EffectColorB: 2
PlacedObjects: LightSource><348.1882><416.8145><0.2717391~Environment~282~17~50~86.60254~1~1~None~0~0, 
