Template: sx_settingstemplate_outside
Clouds: 0.01666956
FadePalette: 13, 0.3015964, 0.3073964, 0.3015964, 0.3015966, 0.3015966, 0.3073963
