Template: sx_settingstemplate_outside
FadePalette: 95, 0.6086956, 0.6086956
BackgroundOffset: 0,-108.6956
