Template: sx_settingstemplate_outside
FadePalette: 13, 0.3015964, 0.3073966, 0.2957966, 0.2725968
MorePalette0: 1109, 0.5766044, 0.3769956, 0.197198, 0.04639999
