Grime: 0.5108696
Palette: 13
PlacedObjects: CustomDecal><96.13565><150.353><-12~432~537~422~528~5~213~-4.000015~0~1~0~lolz~1~0~1~0~1~0~1~0, 
