Palette: 1109
PlacedObjects: CustomDecal><115.808><164.0558><-19~398~765~371~762~-26~-241~-32~0~1~0.02173913~greybones~0.1630435~1~0.1630435~1~0.1630435~1~0.1630435~0.9891304, 
FadePalette: 56, 0
MorePalette0: 2, 0
