PlacedObjects: LightSource><2279.298><697.7647><0.4200068~Environment~-854.2836~-425.3333~-814.9556~-234.4642~1~1~None~0~0, CustomDecal><1059.596><112.2494><-125.3945~314.1333~1179.756~350.9333~1090.646~-87.46667~0~0~0~1~0.1101986~greybones~0.1694037~1~0.1694037~1~0.1694037~1~0.1694037~1, LightSource><-70.19464><696.7897><0.2750086~Environment~744.8969~-306.4~43.59686~-122.4641~1~1~None~0~0, CustomDecal><227.3929><14.4182><-317.4883~380.2667~880.9438~415.4667~665.3719~72~0~0~0~1~0.1333983~greybones~0.1636041~1~0.1636041~1~0.1636041~1~0.1636041~1, PlayerPushback><2182.39><482.0679><-184.6234~-41.86667, PlayerPushback><-27.57102><508.3458><229.9789~-30.13333, 
FadePalette: 56, 0, 0
MorePalette0: 2, 0, 0
