Grime: 0.173913
Palette: 1109
Effects: SkyBloom-0.4697946-20-20, 
PlacedObjects: LightSource><193.7051><633.1949><0.1630435~Environment~134~-543~60~-116.3975~1~1~None~0~0, LightSource><854.0561><638.4506><0.3695652~Environment~-174~-550~-119~-245.3975~1~1~None~0~0, CustomDecal><-176.0885><238.9294><-22~241~1319~228~1323~56~2~81~0~1~0.08695652~greybones~0.1630435~1~0.1630435~1~0.1630435~1~0.1630435~1, CustomDecal><55.61328><47.64598><-17~236~887~258~965~-68~-244~-72.99998~0~1~0~greybones~0.1630435~1~0.1630435~1~0.1630435~1~0.1630435~1, 
FadePalette: 56, 0
MorePalette0: 2, 0
