Template: slx_settingstemplate_outside
Clouds: 0
EffectColorB: 2
PlacedObjects: CustomDecal><1200.424><176.0005><-32.54922~502.0922~982.3267~490.3531~998.3344~-123.7938~0~0~0~1~0~rust2~0.3202024~1~0.3202024~1~0.3202024~1~0.3202024~1, CustomDecal><866.6175><106.1339><-11.20547~523.9696~375.0969~555.4516~275.8484~-112.0547~0~0~0~1~0~rust1~0.3144024~1~0.3144024~1~0.3144024~1~0.3144024~1, LightSource><1116.402><725.6307><0.3794071~Environment~1081.594~-453.3368~-147.9633~-275.7076~1~1~None~0~0, LightSource><26.63875><672.077><0.5128053~Environment~607.2297~-541.9133~-168.2399~-353.0788~1~1~None~0~0, CustomDecal><281.2938><57.06911><-28.81406~590.6688~368.1601~599.7399~356.9547~-84.30781~0~0~0~1~0~rustb2~0.413001~1~0.413001~1~0.413001~1~0.413001~1, 
FadePalette: 20, 0.04639966, 0.04639949
