PlacedObjects: LightSource><613.1279><407.7><0.2750085~EffectColor1~78.43823~-56.87656~50~86.60254~1~1~None~0~0, LightSource><1275.672><381.6856><0.2808082~EffectColor1~26.67972~76.52188~50~86.60254~1~1~None~0~0, CustomDecal><331.8069><304.9877><-110.4539~220.8884~462.6062~263.5758~523.9696~-274.2672~-94.97971~-190.493~0.197198~1~0~rust2~0.447801~1~0.447801~1~0.447801~1~0.447801~1, CustomDecal><758.6179><181.1844><-182.4891~425.2547~439.6617~350.0181~465.8078~-19.20938~-82.70703~-104.0508~0~1~0~rust3~0.5~1~0.5~1~0.5~1~0.5~1, CustomDecal><201.1589><-3.1><37.88515~439.1281~380.9664~456.2032~489.8196~100.8492~-269.9984~176.086~0~0.1532099~0~rustb1~0.6752039~1~0.6752039~1~0.6752039~1~0.6752039~1, MudPit><411.3959><245.3494><200~30~15, 
FadePalette: 20, 0.04059949, 0.04059949
MorePalette0: 2, 0, 0
