Grime: 0.2391304
PlacedObjects: SuperStructureFuses><249.5667><201.6702><197~44, 
FadePalette: 55, 0.1195652, 0.1195652
