DangerType: Flood
Grime: 0.1956522
FadePalette: 55, 0.1195652, 0.1195652, 0.1195652
