Template: PC_SettingsTemplate_Outside
Palette: 5
FadePalette: 74, 0.3515628, 0.4606063, 0.249397, 0.4559613
